$MeshFormat
2.2 0 8
$EndMeshFormat
$Nodes
381
1 10 0 0
2 -10 0 0
3 0 10 0
4 0 -10 0
5 0 0 10
6 0 0 -10
7 -9.807852804033345 0 1.950903220156055
8 -9.238795325116723 0 3.826834323641589
9 -8.314696123033684 0 5.555702330183702
10 -7.071067811878886 0 7.071067811852064
11 -5.555702330207991 0 8.314696123017455
12 -3.826834323659424 0 9.238795325109336
13 -1.950903220164474 0 9.807852804031668
14 1.950903220156055 0 9.807852804033345
15 3.826834323641589 0 9.238795325116723
16 5.555702330183702 0 8.314696123033684
17 7.071067811852064 0 7.071067811878886
18 8.314696123017455 0 5.555702330207991
19 9.238795325109336 0 3.826834323659424
20 9.807852804031668 0 1.950903220164474
21 9.807852804033345 0 -1.950903220156055
22 9.238795325116723 0 -3.826834323641589
23 8.314696123033684 0 -5.555702330183702
24 7.071067811878886 0 -7.071067811852064
25 5.555702330207991 0 -8.314696123017455
26 3.826834323659424 0 -9.238795325109336
27 1.950903220164474 0 -9.807852804031668
28 -1.950903220156055 0 -9.807852804033345
29 -3.826834323641589 0 -9.238795325116723
30 -5.555702330183702 0 -8.314696123033684
31 -7.071067811852064 0 -7.071067811878886
32 -8.314696123017455 0 -5.555702330207991
33 -9.238795325109336 0 -3.826834323659424
34 -9.807852804031668 0 -1.950903220164474
35 0 9.807852804033345 -1.950903220156055
36 0 9.238795325116723 -3.826834323641589
37 0 8.314696123033684 -5.555702330183702
38 0 7.071067811878886 -7.071067811852064
39 0 5.555702330207991 -8.314696123017455
40 0 3.826834323659424 -9.238795325109336
41 0 1.950903220164474 -9.807852804031668
42 0 -1.950903220156055 -9.807852804033345
43 0 -3.826834323641589 -9.238795325116723
44 0 -5.555702330183702 -8.314696123033684
45 0 -7.071067811852064 -7.071067811878886
46 0 -8.314696123017455 -5.555702330207991
47 0 -9.238795325109336 -3.826834323659424
48 0 -9.807852804031668 -1.950903220164474
49 0 -9.807852804033345 1.950903220156055
50 0 -9.238795325116723 3.826834323641589
51 0 -8.314696123033684 5.555702330183702
52 0 -7.071067811878886 7.071067811852064
53 0 -5.555702330207991 8.314696123017455
54 0 -3.826834323659424 9.238795325109336
55 0 -1.950903220164474 9.807852804031668
56 0 1.950903220156055 9.807852804033345
57 0 3.826834323641589 9.238795325116723
58 0 5.555702330183702 8.314696123033684
59 0 7.071067811852064 7.071067811878886
60 0 8.314696123017455 5.555702330207991
61 0 9.238795325109336 3.826834323659424
62 0 9.807852804031668 1.950903220164474
63 -9.807852804033345 1.950903220156055 0
64 -9.238795325116723 3.826834323641589 0
65 -8.314696123033684 5.555702330183702 0
66 -7.071067811878886 7.071067811852064 0
67 -5.555702330207991 8.314696123017455 0
68 -3.826834323659424 9.238795325109336 0
69 -1.950903220164474 9.807852804031668 0
70 1.950903220156055 9.807852804033345 0
71 3.826834323641589 9.238795325116723 0
72 5.555702330183702 8.314696123033684 0
73 7.071067811852064 7.071067811878886 0
74 8.314696123017455 5.555702330207991 0
75 9.238795325109336 3.826834323659424 0
76 9.807852804031668 1.950903220164474 0
77 9.807852804033345 -1.950903220156055 0
78 9.238795325116723 -3.826834323641589 0
79 8.314696123033684 -5.555702330183702 0
80 7.071067811878886 -7.071067811852064 0
81 5.555702330207991 -8.314696123017455 0
82 3.826834323659424 -9.238795325109336 0
83 1.950903220164474 -9.807852804031668 0
84 -1.950903220156055 -9.807852804033345 0
85 -3.826834323641589 -9.238795325116723 0
86 -5.555702330183702 -8.314696123033684 0
87 -7.071067811852064 -7.071067811878886 0
88 -8.314696123017455 -5.555702330207991 0
89 -9.238795325109336 -3.826834323659424 0
90 -9.807852804031668 -1.950903220164474 0
91 -4.518583763243446 5.51879128260058 7.0089473927006
92 -7.358648450833144 4.040689153529073 5.433518578380262
93 -7.785527282281346 4.876127561388974 3.950815731202311
94 -3.499746649056318 3.343296657599726 8.750665166243168
95 -5.314851602584695 7.61807593153776 3.703683510213583
96 -9.468864298943018 2.642614843924514 1.832265175915365
97 -1.670635442499997 2.831313601499094 9.444185539697379
98 -3.417878173603122 8.099771793203367 4.765690473418779
99 -8.711075305266085 3.047982844486066 3.850580164819585
100 -6.4308435057652 6.00665138488648 4.750199042650621
101 -7.191425831684279 6.37658665501686 2.76089426426384
102 -7.821401793310478 1.884240765570948 5.939302208589848
103 -4.686040201964439 6.606023326725817 5.865277745540055
104 -3.808617631234896 8.650003483895752 3.266783045694654
105 -5.933417827789018 4.956804921396957 6.342289637984878
106 -1.934500550316674 4.789875487414915 8.562406229319315
107 -4.65424370863359 8.650132862740037 1.874357745359592
108 -9.500247087348228 1.431543711630971 2.774164357247301
109 -2.911282300414233 1.440626796970984 9.457749721743747
110 -4.990253071127779 1.947020123042069 8.444316841910245
111 -2.892117389682896 9.403478710128077 1.791715700791223
112 -3.727922848003758 4.871071331569802 7.897800663608214
113 -1.912050841857876 9.273667076895759 3.216078438883333
114 -8.556649451729752 4.763558746792324 2.022933075035179
115 -1.632128825967538 6.532291439470096 7.393600208644741
116 -3.294160166409642 6.059206539975079 7.241168752622967
117 -8.883915115821669 1.312717804451233 4.399184490420012
118 -4.936702499134235 3.993884952138779 7.725144103777044
119 -1.277632831957625 7.645647603554679 6.317572878009603
120 -2.72267191485534 7.332245574173397 6.230989687366895
121 -9.831033175926638 1.275341636297818 1.313122387500494
122 -1.319524886596748 1.256888043762507 9.832552390864679
123 -1.35731458561376 9.808139319894398 1.399321334512406
124 -6.442137480905706 3.12240116849528 6.982082470158112
125 -6.47799316718134 1.427091173223207 7.483248980841163
126 -1.647688187448823 8.437636745392373 5.107975116398475
127 -7.880161054927772 6.032503428834769 1.229619505984006
128 -6.078746664455691 7.751116610467903 1.723087426771309
129 5.734184177438427 4.375578550359994 6.926286463094369
130 5.939308821276946 7.180827168886852 3.627717174212772
131 4.768632704558252 3.787373478280207 7.93195715224415
132 3.514764868546679 3.166624789922898 8.81015978054177
133 8.576425283672641 3.940807755846247 3.303780196236232
134 9.41373189603506 2.970148998233137 1.599958348791264
135 4.790688399267547 5.285096563022829 7.008356367982982
136 7.58379595150913 2.253517141199171 6.116183406356877
137 5.93971997821521 7.923086034526166 1.394429729275573
138 7.410333657680862 5.65447185582782 3.621312346856215
139 6.028085197844022 5.709601582847366 5.573386637645074
140 7.64590397033213 4.264222277214622 4.832862593429065
141 4.119563776331973 7.952969967510583 4.447410818510942
142 8.508761999146909 4.887614833503127 1.926704565104288
143 4.553282107525327 1.847119444137117 8.70952190469605
144 9.454584733082253 1.718192674865221 2.767425058968619
145 1.400950524414708 9.498679032044533 2.795073214486462
146 2.77720656818923 1.530715139663065 9.48388289883489
147 1.26689161538974 4.90834050760075 8.619929181629091
148 2.086742350090046 7.72272067766678 6.000424293254487
149 1.810923621417422 6.3137044000745 7.540403993545195
150 1.680029634939679 3.165194690946669 9.335900759655036
151 3.919643880998207 6.601422712061678 6.407621245269539
152 6.178327345288005 2.458258644971557 7.468951442397324
153 3.15343688480479 4.850012577666855 8.156789430286032
154 2.124926745238646 8.824206530002355 4.197387930991519
155 7.424947725125739 6.444356484077912 1.827681806352816
156 8.633621585592003 2.129882601085034 4.574295401741681
157 1.293049145287631 1.342337732367239 9.824772430959104
158 6.753737869188478 3.936601015168153 6.236200545337404
159 4.96711399699729 7.053193168440496 5.057691634480886
160 4.862811645616243 8.420116739309051 2.335529275274997
161 9.827877883291849 1.338469073682697 1.273309408548404
162 1.793561588583391 9.759164528523176 1.24171032578989
163 3.100657935922507 9.152237603509647 2.57341547623091
164 4.375578550359995 6.92628646309437 -5.734184177438428
165 7.180827168886852 3.627717174212772 -5.939308821276946
166 3.787373478280207 7.93195715224415 -4.768632704558252
167 3.166624789922898 8.81015978054177 -3.514764868546679
168 3.940807755846247 3.303780196236232 -8.576425283672641
169 2.970148998233137 1.599958348791264 -9.41373189603506
170 5.285096563022831 7.008356367982983 -4.790688399267548
171 2.253517141199171 6.116183406356877 -7.58379595150913
172 7.923086034526166 1.394429729275573 -5.93971997821521
173 5.65447185582782 3.621312346856215 -7.410333657680862
174 5.709601582847366 5.573386637645074 -6.028085197844022
175 4.264222277214622 4.832862593429065 -7.64590397033213
176 7.952969967510583 4.447410818510942 -4.119563776331973
177 4.887614833503127 1.926704565104288 -8.508761999146909
178 1.847119444137117 8.70952190469605 -4.553282107525327
179 1.718192674865221 2.767425058968619 -9.454584733082253
180 9.498679032044533 2.795073214486462 -1.400950524414708
181 1.530715139663065 9.48388289883489 -2.77720656818923
182 4.90834050760075 8.619929181629091 -1.26689161538974
183 7.72272067766678 6.000424293254487 -2.086742350090046
184 6.313704400074499 7.540403993545192 -1.810923621417422
185 3.165194690946669 9.335900759655035 -1.680029634939678
186 6.601422712061678 6.407621245269539 -3.919643880998207
187 2.458258644971557 7.468951442397324 -6.178327345288005
188 4.850012577666856 8.156789430286034 -3.153436884804791
189 8.824206530002355 4.197387930991519 -2.124926745238646
190 6.444356484077911 1.827681806352816 -7.424947725125738
191 2.129882601085034 4.574295401741681 -8.633621585592003
192 1.342337732367239 9.824772430959104 -1.293049145287631
193 3.936601015168153 6.236200545337404 -6.753737869188478
194 7.053193168440496 5.057691634480886 -4.96711399699729
195 8.420116739309051 2.335529275274997 -4.862811645616243
196 1.338469073682697 1.273309408548404 -9.827877883291849
197 9.759164528523176 1.24171032578989 -1.793561588583391
198 9.152237603509647 2.57341547623091 -3.100657935922507
199 -7.753878365921291 4.989281517728841 -3.87097406647825
200 -5.723058435155277 3.979123747027256 -7.170298205349744
201 -8.714688998368235 3.780541598496167 -3.124372078315852
202 -3.891739200350076 7.538463449872705 -5.29395266425682
203 -2.798834430403744 1.86059918005133 -9.418317074848289
204 -1.698606237476229 9.365977386667138 -3.064833509743504
205 -7.228300655384277 3.778855841359378 -5.785492041788266
206 -3.390145575017888 8.975298399274909 -2.819739637654489
207 -4.756100295005487 6.156174182555951 -6.283393145258404
208 -2.993650537366952 6.647669349066623 -6.844453863209444
209 -4.266834852126558 3.038723768374067 -8.518232105560205
210 -6.056195267183053 1.882171295441843 -7.731748191732861
211 -6.536690475754127 6.630767337320568 -3.6475474147032
212 -1.858944373478112 7.738012629560965 -6.055368391854378
213 -2.853733024965814 3.846444006741124 -8.77844384416878
214 -8.673217152490329 4.601939485262725 -1.896696391025036
215 -6.386992947948878 5.520877834546225 -5.359685533580071
216 -1.402504699023634 3.081691688966708 -9.409365382605255
217 -5.358176689925381 6.887048986575354 -4.884516231527098
218 -9.435542579956195 2.89795414699199 -1.60386969039431
219 -3.788427537667189 4.998639620007525 -7.788544070693568
220 -8.707349926943534 1.518491650604997 -4.677204331307256
221 -2.907854112615196 8.498520367193288 -4.395399416224619
222 -2.844618673617453 9.480659632712911 -1.423108404287881
223 -1.641970655210681 5.371044482377347 -8.273802846076938
224 -7.596817096068556 1.951612376838051 -6.203191044893993
225 -1.680683548864385 6.763809971267806 -7.171204744054852
226 -6.722649761828952 2.935582168874656 -6.796200225829599
227 -4.511135018839802 8.786560705900119 -1.563973082674123
228 -6.484288632797296 7.456261903817413 -1.535629951601906
229 -4.582046126715202 1.392728697546812 -8.778676441678652
230 -9.236092331899355 2.098802894010264 -3.207744511136143
231 -7.625514554611048 6.187267817851013 -1.889244485925582
232 -4.80883792478083 8.059032549552507 -3.453559349199436
233 -1.28495192270966 9.830721506981394 -1.306067842226504
234 -1.241299582525213 1.391381751669559 -9.824623767226086
235 -8.337486527579657 3.083306023605112 -4.580343040344046
236 -1.322668624294862 8.754104349773586 -4.649323041430988
237 -9.762481637917102 1.189775321847164 -1.810631644718189
238 -5.740691189392162 -4.354462679324114 -6.934199264688655
239 -5.868271168718763 -7.12301152301762 -3.850467547369058
240 -4.769741173931804 -3.783764736946845 -7.933012892283564
241 -3.515005853293268 -3.165903387952193 -8.81032289927372
242 -3.029088211523518 -8.610780557676765 -4.084003280403319
243 -8.584545303711998 -3.904267883681547 -3.325999732556977
244 -3.059604553714111 -9.230930844137106 -2.329964747726906
245 -9.421338581255288 -2.954166462492196 -1.584701817136886
246 -4.79558977390396 -5.265887389307081 -7.019455016136539
247 -4.300932166165579 -7.593324046099209 -4.882971680541859
248 -7.635254791815198 -2.29553650837849 -6.036008316989346
249 -6.132372591064112 -7.655313098213479 -1.946840458971093
250 -7.403923480778394 -5.513766833299086 -3.844514585586755
251 -5.673450596568311 -5.967079173775115 -5.67502638427329
252 -7.886324137612068 -3.913188605461764 -4.74266238884885
253 -4.477313160455468 -8.331974673179559 -3.245283486647448
254 -8.558387813176441 -4.84686647660865 -1.80606849183529
255 -4.553441489974612 -1.846326294026242 -8.709606754232082
256 -9.459594692586096 -1.697541189413785 -2.763045812548275
257 -2.777279643831017 -1.530462923888335 -9.483902204186052
258 -1.255667422695019 -4.919192035530716 -8.615384439544972
259 -2.189062618508383 -7.891893238491702 -5.738120420878091
260 -1.824096216891223 -6.350730313055278 -7.506057386029229
261 -1.678637179011238 -3.166939753672669 -9.335559427149981
262 -4.692995273269255 -8.688370289556435 -1.577344945351345
263 -3.707547199220303 -6.527325403895862 -6.606672145430663
264 -6.179676420972642 -2.449502133267555 -7.470712056503883
265 -3.151964013353443 -4.844609180791156 -8.160568898301081
266 -7.510429656605236 -6.349011910113992 -1.812041428448919
267 -1.369944002659459 -9.230232688640349 -3.595282734797435
268 -8.667296750799851 -2.060786294614881 -4.542150028510926
269 -1.292810270706533 -1.342672570076407 -9.82475811272319
270 -1.753976375674533 -9.751115317153097 -1.356214195898974
271 -6.864706259408798 -4.22872626533732 -5.915545802787767
272 -6.797490090911905 -6.736088977658962 -2.901591588941472
273 -9.829292422773811 -1.331448538528381 -1.26974613874268
274 -4.354462679324114 -6.934199264688655 5.740691189392162
275 -7.12301152301762 -3.850467547369058 5.868271168718763
276 -3.783764736946845 -7.933012892283564 4.769741173931804
277 -3.165903387952193 -8.81032289927372 3.515005853293268
278 -8.610780557676765 -4.084003280403319 3.029088211523518
279 -3.904267883681547 -3.325999732556977 8.584545303711998
280 -9.230930844137106 -2.329964747726906 3.059604553714111
281 -2.954166462492196 -1.584701817136886 9.421338581255288
282 -5.265887389307081 -7.01945501613654 4.795589773903961
283 -7.593324046099209 -4.882971680541859 4.300932166165579
284 -2.29553650837849 -6.036008316989346 7.635254791815198
285 -7.655313098213479 -1.946840458971093 6.132372591064112
286 -5.513766833299086 -3.844514585586755 7.403923480778394
287 -5.967079173775113 -5.67502638427329 5.67345059656831
288 -3.913188605461764 -4.74266238884885 7.886324137612068
289 -8.331974673179559 -3.245283486647448 4.477313160455468
290 -4.84686647660865 -1.80606849183529 8.558387813176441
291 -1.846326294026242 -8.709606754232082 4.553441489974612
292 -1.697541189413785 -2.763045812548275 9.459594692586096
293 -1.530462923888335 -9.483902204186052 2.777279643831017
294 -4.919192035530716 -8.615384439544972 1.255667422695019
295 -7.891893238491702 -5.738120420878091 2.189062618508383
296 -6.350730313055278 -7.506057386029229 1.824096216891223
297 -3.166939753672669 -9.335559427149981 1.678637179011238
298 -8.688370289556435 -1.577344945351345 4.692995273269255
299 -6.527325403895862 -6.606672145430663 3.707547199220303
300 -2.449502133267555 -7.470712056503883 6.179676420972642
301 -4.844609180791156 -8.160568898301081 3.151964013353443
302 -6.349011910113992 -1.812041428448919 7.510429656605236
303 -9.230232688640349 -3.595282734797435 1.369944002659459
304 -2.060786294614881 -4.542150028510926 8.667296750799851
305 -1.342672570076406 -9.824758112723188 1.292810270706532
306 -9.751115317153097 -1.356214195898974 1.753976375674533
307 -4.228726265337319 -5.915545802787766 6.864706259408797
308 -6.736088977658962 -2.901591588941472 6.797490090911905
309 -1.331448538528381 -1.26974613874268 9.829292422773811
310 4.35446267932454 -5.740691189406173 6.934199264676788
311 7.123011523017084 -5.868271168723664 3.850467547362587
312 3.783764736947834 -4.769741173947163 7.933012892273857
313 3.904267883680427 -8.584545303716615 3.325999732546375
314 8.610780557676943 -3.029088211526509 4.084003280400722
315 3.165903387953356 -3.515005853306632 8.81032289926797
316 2.954166462491492 -9.421338581256482 1.584701817131109
317 9.230930844137031 -3.059604553715519 2.329964747725356
318 5.265887389307824 -4.795589773915407 7.019455016128163
319 7.593324046099368 -4.300932166171235 4.88297168053663
320 2.295536508378078 -7.635254791830301 6.036008316970396
321 7.655313098212858 -6.132372591065982 1.946840458967642
322 5.51376683329813 -7.403923480783879 3.844514585577566
323 5.967079173775117 -5.673450596577377 5.675026384264226
324 3.913188605460865 -7.886324137620715 4.742662388835213
325 8.33197467317931 -4.477313160458685 3.245283486643651
326 4.846866476607762 -8.558387813178058 1.806068491830009
327 1.846326294026987 -4.553441489992344 8.709606754222655
328 1.697541189413101 -9.4595946925895 2.763045812537046
329 1.530462923888991 -2.777279643842925 9.483902204182458
330 4.919192035531504 -1.255667422699228 8.615384439543908
331 7.891893238492287 -2.189062618512013 5.738120420875904
332 6.350730313056134 -1.824096216895747 7.506057386027405
333 3.16693975367348 -1.678637179017665 9.335559427148551
334 8.688370289556104 -4.692995273270531 1.577344945349375
335 6.527325403896651 -3.707547199227841 6.606672145425655
336 2.449502133267911 -6.179676420991401 7.470712056488248
337 4.844609180792339 -3.151964013362901 8.160568898296724
338 6.349011910113164 -7.510429656606982 1.81204142844458
339 9.230232688640516 -1.369944002660665 3.595282734796546
340 2.060786294614092 -8.667296750809024 4.542150028493778
341 9.751115317153081 -1.753976375674951 1.356214195898537
342 1.342672570076757 -1.292810270712017 9.824758112722419
343 4.228726265336993 -6.864706259420753 5.915545802774126
344 6.736088977658108 -6.797490090915322 2.90159158893545
345 1.33144853852805 -9.829292422774532 1.269746138737468
346 7.357737169862293 -4.041193255362873 -5.43437768397049
347 7.785742486370083 -4.913114690891391 -3.904294810856244
348 3.497899642954111 -3.345800362306405 -8.750446732790952
349 5.264119355381154 -7.736419663221015 -3.526593002719305
350 9.469149205008792 -2.639902384966997 -1.834701264818592
351 1.67049062352206 -2.831602471907571 -9.444124550100543
352 1.882737996797572 -9.391123379521975 -2.874386770427809
353 3.373891123367319 -8.247029882851928 -4.539092067694875
354 8.710807623276356 -3.048102706780379 -3.851090811599829
355 6.427254326789685 -6.00691247874714 -4.754724418032572
356 7.170468270426183 -6.432827184825883 -2.683862737357561
357 7.820396837174854 -1.886776314377716 -5.939820573772307
358 4.688552866532103 -6.650808468287877 -5.812419353064939
359 3.778332975436788 -8.802686839288413 -2.870000755425957
360 5.717109550506439 -4.948544174104065 -6.54420116931385
361 3.007200676264167 -9.429560803813359 -1.428330192869661
362 1.943135552257201 -4.528334911314663 -8.701632442049188
363 4.631915125318042 -8.702656158782244 -1.676048344726206
364 9.500211346388239 -1.431563260159882 -2.774276663585765
365 2.911236813464899 -1.440765033948771 -9.457742665820282
366 4.98769943644951 -1.951513816023577 -8.444788224550711
367 3.820042246998868 -5.301267732580783 -7.569929831817573
368 1.667022484422156 -8.48973036194082 -5.014530328751754
369 8.551201790661297 -4.789268537152217 -1.984906752075494
370 8.883828036939384 -1.312763474902303 -4.399346709348121
371 4.977381292893485 -3.811470747992027 -7.790915620282066
372 1.443494178489334 -7.476278340299679 -6.482405937229886
373 2.972020690519462 -7.177438408237147 -6.296941393334262
374 9.831024720533955 -1.275347716405334 -1.313179784534462
375 1.319486759792745 -1.256975106383341 -9.832546377854733
376 1.379781370002827 -9.823735355062887 -1.26112134415393
377 6.434328519969848 -3.149660917317669 -6.977037523406638
378 6.476406548583771 -1.434461163091486 -7.483213172764991
379 1.751096419882118 -6.313656023436852 -7.554562128012158
380 7.871476901157489 -6.049983499244448 -1.198979171384552
381 6.054424881869033 -7.790720476379138 -1.627456238653429
$EndNodes
$Elements
758
1 2 2 31 14 56 97 57
2 2 2 31 14 96 63 64
3 2 2 31 14 100 92 93
4 2 2 31 14 101 95 100
5 2 2 31 14 93 101 100
6 2 2 31 14 95 103 100
7 2 2 31 14 103 95 98
8 2 2 31 14 95 104 98
9 2 2 31 14 105 92 100
10 2 2 31 14 106 57 97
11 2 2 31 14 94 106 97
12 2 2 31 14 108 8 7
13 2 2 31 14 108 96 99
14 2 2 31 14 12 109 13
15 2 2 31 14 110 12 11
16 2 2 31 14 111 68 69
17 2 2 31 14 105 103 91
18 2 2 31 14 100 103 105
19 2 2 31 14 110 109 12
20 2 2 31 14 109 94 97
21 2 2 31 14 68 107 67
22 2 2 31 14 68 111 107
23 2 2 31 14 104 95 107
24 2 2 31 14 104 107 111
25 2 2 31 14 106 58 57
26 2 2 31 14 112 106 94
27 2 2 31 14 102 10 9
28 2 2 31 14 99 93 92
29 2 2 31 14 92 102 99
30 2 2 31 14 94 109 110
31 2 2 31 14 99 114 93
32 2 2 31 14 114 99 96
33 2 2 31 14 58 115 59
34 2 2 31 14 115 58 106
35 2 2 31 14 117 8 108
36 2 2 31 14 99 117 108
37 2 2 31 14 91 118 105
38 2 2 31 14 118 91 112
39 2 2 31 14 119 60 59
40 2 2 31 14 121 7 2
41 2 2 31 14 63 121 2
42 2 2 31 14 7 121 108
43 2 2 31 14 13 122 5
44 2 2 31 14 122 56 5
45 2 2 31 14 62 123 3
46 2 2 31 14 123 69 3
47 2 2 31 14 115 119 59
48 2 2 31 14 96 121 63
49 2 2 31 14 96 108 121
50 2 2 31 14 112 94 118
51 2 2 31 14 116 91 103
52 2 2 31 14 91 116 112
53 2 2 31 14 103 120 116
54 2 2 31 14 123 111 69
55 2 2 31 14 122 13 109
56 2 2 31 14 97 122 109
57 2 2 31 14 122 97 56
58 2 2 31 14 106 116 115
59 2 2 31 14 116 106 112
60 2 2 31 14 117 9 8
61 2 2 31 14 9 117 102
62 2 2 31 14 117 99 102
63 2 2 31 14 124 92 105
64 2 2 31 14 92 124 102
65 2 2 31 14 124 105 118
66 2 2 31 14 98 120 103
67 2 2 31 14 104 113 98
68 2 2 31 14 104 111 113
69 2 2 31 14 111 123 113
70 2 2 31 14 125 10 102
71 2 2 31 14 125 124 110
72 2 2 31 14 124 125 102
73 2 2 31 14 126 119 120
74 2 2 31 14 119 126 60
75 2 2 31 14 126 61 60
76 2 2 31 14 113 61 126
77 2 2 31 14 126 98 113
78 2 2 31 14 120 98 126
79 2 2 31 14 120 115 116
80 2 2 31 14 120 119 115
81 2 2 31 14 11 10 125
82 2 2 31 14 110 11 125
83 2 2 31 14 94 110 118
84 2 2 31 14 110 124 118
85 2 2 31 14 101 128 95
86 2 2 31 14 128 107 95
87 2 2 31 14 128 67 107
88 2 2 31 14 66 127 65
89 2 2 31 14 66 67 128
90 2 2 31 14 114 64 65
91 2 2 31 14 65 127 114
92 2 2 31 14 93 114 101
93 2 2 31 14 127 101 114
94 2 2 31 14 64 114 96
95 2 2 31 14 128 127 66
96 2 2 31 14 101 127 128
97 2 2 31 14 113 62 61
98 2 2 31 14 123 62 113
99 2 2 31 16 76 134 75
100 2 2 31 16 139 130 138
101 2 2 31 16 133 140 138
102 2 2 31 16 142 75 134
103 2 2 31 16 133 142 134
104 2 2 31 16 146 15 14
105 2 2 31 16 62 145 61
106 2 2 31 16 139 138 140
107 2 2 31 16 148 59 60
108 2 2 31 16 58 147 57
109 2 2 31 16 15 143 16
110 2 2 31 16 15 146 143
111 2 2 31 16 131 143 132
112 2 2 31 16 146 132 143
113 2 2 31 16 142 74 75
114 2 2 31 16 138 142 133
115 2 2 31 16 73 137 72
116 2 2 31 16 136 18 17
117 2 2 31 16 135 129 131
118 2 2 31 16 135 139 129
119 2 2 31 16 144 133 134
120 2 2 31 16 148 149 59
121 2 2 31 16 57 150 56
122 2 2 31 16 135 151 139
123 2 2 31 16 152 136 17
124 2 2 31 16 153 147 149
125 2 2 31 16 137 155 130
126 2 2 31 16 155 138 130
127 2 2 31 16 156 140 133
128 2 2 31 16 144 156 133
129 2 2 31 16 157 14 5
130 2 2 31 16 56 157 5
131 2 2 31 16 158 129 139
132 2 2 31 16 158 140 136
133 2 2 31 16 140 158 139
134 2 2 31 16 153 131 132
135 2 2 31 16 135 131 153
136 2 2 31 16 147 150 57
137 2 2 31 16 157 146 14
138 2 2 31 16 157 56 150
139 2 2 31 16 146 157 150
140 2 2 31 16 61 154 60
141 2 2 31 16 154 61 145
142 2 2 31 16 154 148 60
143 2 2 31 16 146 150 132
144 2 2 31 16 150 147 153
145 2 2 31 16 150 153 132
146 2 2 31 16 148 154 141
147 2 2 31 16 152 131 129
148 2 2 31 16 131 152 143
149 2 2 31 16 136 152 158
150 2 2 31 16 158 152 129
151 2 2 31 16 58 59 149
152 2 2 31 16 147 58 149
153 2 2 31 16 17 16 152
154 2 2 31 16 16 143 152
155 2 2 31 16 153 151 135
156 2 2 31 16 148 151 149
157 2 2 31 16 149 151 153
158 2 2 31 16 155 137 73
159 2 2 31 16 155 142 138
160 2 2 31 16 74 142 155
161 2 2 31 16 74 155 73
162 2 2 31 16 151 148 141
163 2 2 31 16 156 136 140
164 2 2 31 16 139 159 130
165 2 2 31 16 141 159 151
166 2 2 31 16 159 139 151
167 2 2 31 16 18 156 19
168 2 2 31 16 136 156 18
169 2 2 31 16 156 144 19
170 2 2 31 16 19 144 20
171 2 2 31 16 130 160 137
172 2 2 31 16 20 161 1
173 2 2 31 16 161 76 1
174 2 2 31 16 161 20 144
175 2 2 31 16 134 161 144
176 2 2 31 16 161 134 76
177 2 2 31 16 162 62 3
178 2 2 31 16 70 162 3
179 2 2 31 16 62 162 145
180 2 2 31 16 141 130 159
181 2 2 31 16 160 130 141
182 2 2 31 16 160 163 71
183 2 2 31 16 163 141 154
184 2 2 31 16 163 160 141
185 2 2 31 16 145 163 154
186 2 2 31 16 72 160 71
187 2 2 31 16 72 137 160
188 2 2 31 16 162 70 71
189 2 2 31 16 163 162 71
190 2 2 31 16 162 163 145
191 2 2 31 18 27 169 26
192 2 2 31 18 174 165 173
193 2 2 31 18 168 175 173
194 2 2 31 18 177 26 169
195 2 2 31 18 168 177 169
196 2 2 31 18 181 36 35
197 2 2 31 18 76 180 75
198 2 2 31 18 174 173 175
199 2 2 31 18 183 73 74
200 2 2 31 18 72 182 71
201 2 2 31 18 36 178 37
202 2 2 31 18 36 181 178
203 2 2 31 18 166 178 167
204 2 2 31 18 181 167 178
205 2 2 31 18 177 25 26
206 2 2 31 18 173 177 168
207 2 2 31 18 24 172 23
208 2 2 31 18 171 39 38
209 2 2 31 18 170 164 166
210 2 2 31 18 170 174 164
211 2 2 31 18 179 168 169
212 2 2 31 18 183 184 73
213 2 2 31 18 71 185 70
214 2 2 31 18 170 186 174
215 2 2 31 18 187 171 38
216 2 2 31 18 188 182 184
217 2 2 31 18 172 190 165
218 2 2 31 18 190 173 165
219 2 2 31 18 191 175 168
220 2 2 31 18 179 191 168
221 2 2 31 18 192 35 3
222 2 2 31 18 70 192 3
223 2 2 31 18 193 164 174
224 2 2 31 18 193 175 171
225 2 2 31 18 175 193 174
226 2 2 31 18 188 166 167
227 2 2 31 18 170 166 188
228 2 2 31 18 182 185 71
229 2 2 31 18 192 181 35
230 2 2 31 18 192 70 185
231 2 2 31 18 181 192 185
232 2 2 31 18 75 189 74
233 2 2 31 18 189 75 180
234 2 2 31 18 189 183 74
235 2 2 31 18 181 185 167
236 2 2 31 18 185 182 188
237 2 2 31 18 185 188 167
238 2 2 31 18 183 189 176
239 2 2 31 18 187 166 164
240 2 2 31 18 166 187 178
241 2 2 31 18 171 187 193
242 2 2 31 18 193 187 164
243 2 2 31 18 72 73 184
244 2 2 31 18 182 72 184
245 2 2 31 18 38 37 187
246 2 2 31 18 37 178 187
247 2 2 31 18 188 186 170
248 2 2 31 18 183 186 184
249 2 2 31 18 184 186 188
250 2 2 31 18 190 172 24
251 2 2 31 18 190 177 173
252 2 2 31 18 25 177 190
253 2 2 31 18 25 190 24
254 2 2 31 18 186 183 176
255 2 2 31 18 191 171 175
256 2 2 31 18 174 194 165
257 2 2 31 18 176 194 186
258 2 2 31 18 194 174 186
259 2 2 31 18 39 191 40
260 2 2 31 18 171 191 39
261 2 2 31 18 191 179 40
262 2 2 31 18 40 179 41
263 2 2 31 18 165 195 172
264 2 2 31 18 196 27 6
265 2 2 31 18 41 196 6
266 2 2 31 18 196 41 179
267 2 2 31 18 169 196 179
268 2 2 31 18 196 169 27
269 2 2 31 18 21 197 1
270 2 2 31 18 76 197 180
271 2 2 31 18 197 76 1
272 2 2 31 18 176 165 194
273 2 2 31 18 195 165 176
274 2 2 31 18 195 198 22
275 2 2 31 18 198 176 189
276 2 2 31 18 198 195 176
277 2 2 31 18 180 198 189
278 2 2 31 18 23 195 22
279 2 2 31 18 23 172 195
280 2 2 31 18 197 21 22
281 2 2 31 18 198 197 22
282 2 2 31 18 197 198 180
283 2 2 31 20 203 28 29
284 2 2 31 20 202 208 207
285 2 2 31 20 210 200 209
286 2 2 31 20 213 203 209
287 2 2 31 20 200 215 207
288 2 2 31 20 216 203 213
289 2 2 31 20 217 202 207
290 2 2 31 20 64 218 63
291 2 2 31 20 219 200 207
292 2 2 31 20 200 219 209
293 2 2 31 20 204 221 206
294 2 2 31 20 41 216 40
295 2 2 31 20 207 215 217
296 2 2 31 20 207 208 219
297 2 2 31 20 213 209 219
298 2 2 31 20 221 212 202
299 2 2 31 20 204 35 36
300 2 2 31 20 40 223 39
301 2 2 31 20 216 223 40
302 2 2 31 20 216 213 223
303 2 2 31 20 222 68 69
304 2 2 31 20 222 204 206
305 2 2 31 20 220 32 33
306 2 2 31 20 214 64 65
307 2 2 31 20 218 64 214
308 2 2 31 20 214 199 201
309 2 2 31 20 201 218 214
310 2 2 31 20 38 212 37
311 2 2 31 20 202 212 208
312 2 2 31 20 31 210 30
313 2 2 31 20 205 199 215
314 2 2 31 20 215 200 205
315 2 2 31 20 224 32 220
316 2 2 31 20 38 225 212
317 2 2 31 20 208 225 223
318 2 2 31 20 225 208 212
319 2 2 31 20 226 205 200
320 2 2 31 20 210 226 200
321 2 2 31 20 227 67 68
322 2 2 31 20 67 228 66
323 2 2 31 20 228 67 227
324 2 2 31 20 29 229 203
325 2 2 31 20 229 209 203
326 2 2 31 20 230 218 201
327 2 2 31 20 214 231 199
328 2 2 31 20 217 232 202
329 2 2 31 20 35 233 3
330 2 2 31 20 69 233 222
331 2 2 31 20 233 69 3
332 2 2 31 20 28 234 6
333 2 2 31 20 234 41 6
334 2 2 31 20 234 28 203
335 2 2 31 20 235 201 199
336 2 2 31 20 205 235 199
337 2 2 31 20 222 227 68
338 2 2 31 20 222 206 227
339 2 2 31 20 232 221 202
340 2 2 31 20 206 221 232
341 2 2 31 20 235 230 201
342 2 2 31 20 220 230 235
343 2 2 31 20 204 233 35
344 2 2 31 20 204 222 233
345 2 2 31 20 234 216 41
346 2 2 31 20 203 216 234
347 2 2 31 20 224 235 205
348 2 2 31 20 224 220 235
349 2 2 31 20 229 210 209
350 2 2 31 20 231 228 211
351 2 2 31 20 230 220 33
352 2 2 31 20 229 29 30
353 2 2 31 20 210 229 30
354 2 2 31 20 31 224 210
355 2 2 31 20 224 31 32
356 2 2 31 20 205 226 224
357 2 2 31 20 226 210 224
358 2 2 31 20 206 232 227
359 2 2 31 20 211 232 217
360 2 2 31 20 228 232 211
361 2 2 31 20 228 227 232
362 2 2 31 20 223 219 208
363 2 2 31 20 219 223 213
364 2 2 31 20 231 214 65
365 2 2 31 20 39 225 38
366 2 2 31 20 39 223 225
367 2 2 31 20 66 231 65
368 2 2 31 20 66 228 231
369 2 2 31 20 236 37 212
370 2 2 31 20 221 236 212
371 2 2 31 20 236 36 37
372 2 2 31 20 36 236 204
373 2 2 31 20 236 221 204
374 2 2 31 20 215 199 211
375 2 2 31 20 231 211 199
376 2 2 31 20 217 215 211
377 2 2 31 20 237 34 2
378 2 2 31 20 63 237 2
379 2 2 31 20 218 237 63
380 2 2 31 20 237 33 34
381 2 2 31 20 237 218 230
382 2 2 31 20 230 33 237
383 2 2 31 22 90 245 89
384 2 2 31 22 251 239 250
385 2 2 31 22 239 251 247
386 2 2 31 22 243 252 250
387 2 2 31 22 253 239 247
388 2 2 31 22 242 253 247
389 2 2 31 22 254 89 245
390 2 2 31 22 243 254 245
391 2 2 31 22 257 29 28
392 2 2 31 22 259 45 46
393 2 2 31 22 247 259 242
394 2 2 31 22 44 258 43
395 2 2 31 22 29 255 30
396 2 2 31 22 29 257 255
397 2 2 31 22 240 255 241
398 2 2 31 22 257 241 255
399 2 2 31 22 254 88 89
400 2 2 31 22 250 254 243
401 2 2 31 22 87 249 86
402 2 2 31 22 248 32 31
403 2 2 31 22 246 238 240
404 2 2 31 22 246 251 238
405 2 2 31 22 256 243 245
406 2 2 31 22 249 239 253
407 2 2 31 22 244 253 242
408 2 2 31 22 259 260 45
409 2 2 31 22 43 261 42
410 2 2 31 22 85 262 244
411 2 2 31 22 262 253 244
412 2 2 31 22 246 263 251
413 2 2 31 22 263 247 251
414 2 2 31 22 264 248 31
415 2 2 31 22 265 258 260
416 2 2 31 22 266 249 87
417 2 2 31 22 266 254 250
418 2 2 31 22 268 252 243
419 2 2 31 22 256 268 243
420 2 2 31 22 269 28 6
421 2 2 31 22 42 269 6
422 2 2 31 22 270 48 4
423 2 2 31 22 84 270 4
424 2 2 31 22 271 238 251
425 2 2 31 22 271 252 248
426 2 2 31 22 265 240 241
427 2 2 31 22 246 240 265
428 2 2 31 22 250 271 251
429 2 2 31 22 250 252 271
430 2 2 31 22 88 266 87
431 2 2 31 22 88 254 266
432 2 2 31 22 258 261 43
433 2 2 31 22 269 257 28
434 2 2 31 22 85 270 84
435 2 2 31 22 85 244 270
436 2 2 31 22 269 42 261
437 2 2 31 22 257 269 261
438 2 2 31 22 257 261 241
439 2 2 31 22 261 258 265
440 2 2 31 22 261 265 241
441 2 2 31 22 86 262 85
442 2 2 31 22 262 86 249
443 2 2 31 22 253 262 249
444 2 2 31 22 47 267 46
445 2 2 31 22 259 267 242
446 2 2 31 22 267 259 46
447 2 2 31 22 267 47 48
448 2 2 31 22 267 244 242
449 2 2 31 22 267 270 244
450 2 2 31 22 270 267 48
451 2 2 31 22 264 240 238
452 2 2 31 22 240 264 255
453 2 2 31 22 248 264 271
454 2 2 31 22 271 264 238
455 2 2 31 22 44 45 260
456 2 2 31 22 258 44 260
457 2 2 31 22 31 30 264
458 2 2 31 22 30 255 264
459 2 2 31 22 248 268 32
460 2 2 31 22 268 248 252
461 2 2 31 22 265 263 246
462 2 2 31 22 259 263 260
463 2 2 31 22 263 259 247
464 2 2 31 22 260 263 265
465 2 2 31 22 249 272 239
466 2 2 31 22 250 272 266
467 2 2 31 22 272 250 239
468 2 2 31 22 272 249 266
469 2 2 31 22 32 268 33
470 2 2 31 22 268 256 33
471 2 2 31 22 33 256 34
472 2 2 31 22 34 273 2
473 2 2 31 22 273 90 2
474 2 2 31 22 273 34 256
475 2 2 31 22 245 273 256
476 2 2 31 22 273 245 90
477 2 2 31 24 13 281 12
478 2 2 31 24 287 275 286
479 2 2 31 24 275 287 283
480 2 2 31 24 279 288 286
481 2 2 31 24 289 275 283
482 2 2 31 24 278 289 283
483 2 2 31 24 290 12 281
484 2 2 31 24 279 290 281
485 2 2 31 24 293 50 49
486 2 2 31 24 295 87 88
487 2 2 31 24 283 295 278
488 2 2 31 24 86 294 85
489 2 2 31 24 50 291 51
490 2 2 31 24 50 293 291
491 2 2 31 24 276 291 277
492 2 2 31 24 293 277 291
493 2 2 31 24 290 11 12
494 2 2 31 24 286 290 279
495 2 2 31 24 10 285 9
496 2 2 31 24 284 53 52
497 2 2 31 24 282 274 276
498 2 2 31 24 282 287 274
499 2 2 31 24 292 279 281
500 2 2 31 24 285 275 289
501 2 2 31 24 280 289 278
502 2 2 31 24 295 296 87
503 2 2 31 24 85 297 84
504 2 2 31 24 8 298 280
505 2 2 31 24 298 289 280
506 2 2 31 24 282 299 287
507 2 2 31 24 299 283 287
508 2 2 31 24 300 284 52
509 2 2 31 24 301 294 296
510 2 2 31 24 302 285 10
511 2 2 31 24 302 290 286
512 2 2 31 24 304 288 279
513 2 2 31 24 292 304 279
514 2 2 31 24 305 49 4
515 2 2 31 24 84 305 4
516 2 2 31 24 7 306 2
517 2 2 31 24 306 90 2
518 2 2 31 24 307 274 287
519 2 2 31 24 307 288 284
520 2 2 31 24 301 276 277
521 2 2 31 24 282 276 301
522 2 2 31 24 286 307 287
523 2 2 31 24 286 288 307
524 2 2 31 24 11 302 10
525 2 2 31 24 11 290 302
526 2 2 31 24 294 297 85
527 2 2 31 24 305 293 49
528 2 2 31 24 8 306 7
529 2 2 31 24 8 280 306
530 2 2 31 24 305 84 297
531 2 2 31 24 293 305 297
532 2 2 31 24 293 297 277
533 2 2 31 24 297 294 301
534 2 2 31 24 297 301 277
535 2 2 31 24 9 298 8
536 2 2 31 24 298 9 285
537 2 2 31 24 289 298 285
538 2 2 31 24 89 303 88
539 2 2 31 24 295 303 278
540 2 2 31 24 303 295 88
541 2 2 31 24 303 89 90
542 2 2 31 24 303 280 278
543 2 2 31 24 303 306 280
544 2 2 31 24 306 303 90
545 2 2 31 24 300 276 274
546 2 2 31 24 276 300 291
547 2 2 31 24 284 300 307
548 2 2 31 24 307 300 274
549 2 2 31 24 86 87 296
550 2 2 31 24 294 86 296
551 2 2 31 24 52 51 300
552 2 2 31 24 51 291 300
553 2 2 31 24 284 304 53
554 2 2 31 24 304 284 288
555 2 2 31 24 301 299 282
556 2 2 31 24 295 299 296
557 2 2 31 24 299 295 283
558 2 2 31 24 296 299 301
559 2 2 31 24 285 308 275
560 2 2 31 24 286 308 302
561 2 2 31 24 308 286 275
562 2 2 31 24 308 285 302
563 2 2 31 24 53 304 54
564 2 2 31 24 304 292 54
565 2 2 31 24 54 292 55
566 2 2 31 24 309 13 5
567 2 2 31 24 55 309 5
568 2 2 31 24 309 55 292
569 2 2 31 24 281 309 292
570 2 2 31 24 309 281 13
571 2 2 31 26 83 316 82
572 2 2 31 26 323 311 322
573 2 2 31 26 311 323 319
574 2 2 31 26 313 324 322
575 2 2 31 26 325 311 319
576 2 2 31 26 314 325 319
577 2 2 31 26 326 82 316
578 2 2 31 26 313 326 316
579 2 2 31 26 329 54 55
580 2 2 31 26 331 17 18
581 2 2 31 26 319 331 314
582 2 2 31 26 16 330 15
583 2 2 31 26 54 327 53
584 2 2 31 26 54 329 327
585 2 2 31 26 312 327 315
586 2 2 31 26 329 315 327
587 2 2 31 26 326 81 82
588 2 2 31 26 322 326 313
589 2 2 31 26 80 321 79
590 2 2 31 26 320 51 52
591 2 2 31 26 318 310 312
592 2 2 31 26 318 323 310
593 2 2 31 26 328 313 316
594 2 2 31 26 321 311 325
595 2 2 31 26 317 325 314
596 2 2 31 26 331 332 17
597 2 2 31 26 15 333 14
598 2 2 31 26 78 334 317
599 2 2 31 26 334 325 317
600 2 2 31 26 318 335 323
601 2 2 31 26 335 319 323
602 2 2 31 26 336 320 52
603 2 2 31 26 337 330 332
604 2 2 31 26 338 321 80
605 2 2 31 26 338 326 322
606 2 2 31 26 340 324 313
607 2 2 31 26 328 340 313
608 2 2 31 26 341 20 1
609 2 2 31 26 77 341 1
610 2 2 31 26 14 342 5
611 2 2 31 26 342 55 5
612 2 2 31 26 343 310 323
613 2 2 31 26 343 324 320
614 2 2 31 26 337 312 315
615 2 2 31 26 318 312 337
616 2 2 31 26 322 343 323
617 2 2 31 26 322 324 343
618 2 2 31 26 81 338 80
619 2 2 31 26 81 326 338
620 2 2 31 26 330 333 15
621 2 2 31 26 342 329 55
622 2 2 31 26 78 341 77
623 2 2 31 26 78 317 341
624 2 2 31 26 342 14 333
625 2 2 31 26 329 342 333
626 2 2 31 26 329 333 315
627 2 2 31 26 333 330 337
628 2 2 31 26 333 337 315
629 2 2 31 26 79 334 78
630 2 2 31 26 334 79 321
631 2 2 31 26 325 334 321
632 2 2 31 26 19 339 18
633 2 2 31 26 331 339 314
634 2 2 31 26 339 331 18
635 2 2 31 26 339 19 20
636 2 2 31 26 339 317 314
637 2 2 31 26 339 341 317
638 2 2 31 26 341 339 20
639 2 2 31 26 336 312 310
640 2 2 31 26 312 336 327
641 2 2 31 26 320 336 343
642 2 2 31 26 343 336 310
643 2 2 31 26 16 17 332
644 2 2 31 26 330 16 332
645 2 2 31 26 52 53 336
646 2 2 31 26 53 327 336
647 2 2 31 26 320 340 51
648 2 2 31 26 340 320 324
649 2 2 31 26 337 335 318
650 2 2 31 26 331 335 332
651 2 2 31 26 335 331 319
652 2 2 31 26 332 335 337
653 2 2 31 26 321 344 311
654 2 2 31 26 322 344 338
655 2 2 31 26 344 322 311
656 2 2 31 26 344 321 338
657 2 2 31 26 51 340 50
658 2 2 31 26 340 328 50
659 2 2 31 26 50 328 49
660 2 2 31 26 49 345 4
661 2 2 31 26 345 83 4
662 2 2 31 26 345 49 328
663 2 2 31 26 316 345 328
664 2 2 31 26 345 316 83
665 2 2 31 28 352 48 47
666 2 2 31 28 42 351 43
667 2 2 31 28 350 77 78
668 2 2 31 28 355 346 347
669 2 2 31 28 356 349 355
670 2 2 31 28 347 356 355
671 2 2 31 28 349 358 355
672 2 2 31 28 358 349 353
673 2 2 31 28 349 359 353
674 2 2 31 28 359 352 353
675 2 2 31 28 360 346 355
676 2 2 31 28 362 43 351
677 2 2 31 28 348 362 351
678 2 2 31 28 364 22 21
679 2 2 31 28 364 350 354
680 2 2 31 28 26 365 27
681 2 2 31 28 366 26 25
682 2 2 31 28 83 361 82
683 2 2 31 28 355 358 360
684 2 2 31 28 359 361 352
685 2 2 31 28 366 365 26
686 2 2 31 28 365 348 351
687 2 2 31 28 82 363 81
688 2 2 31 28 82 361 363
689 2 2 31 28 359 349 363
690 2 2 31 28 359 363 361
691 2 2 31 28 362 44 43
692 2 2 31 28 367 362 348
693 2 2 31 28 357 24 23
694 2 2 31 28 354 347 346
695 2 2 31 28 346 357 354
696 2 2 31 28 348 365 366
697 2 2 31 28 47 368 352
698 2 2 31 28 368 353 352
699 2 2 31 28 354 369 347
700 2 2 31 28 369 354 350
701 2 2 31 28 370 22 364
702 2 2 31 28 354 370 364
703 2 2 31 28 372 46 45
704 2 2 31 28 374 21 1
705 2 2 31 28 77 374 1
706 2 2 31 28 21 374 364
707 2 2 31 28 27 375 6
708 2 2 31 28 375 42 6
709 2 2 31 28 48 376 4
710 2 2 31 28 376 83 4
711 2 2 31 28 376 48 352
712 2 2 31 28 350 374 77
713 2 2 31 28 350 364 374
714 2 2 31 28 376 361 83
715 2 2 31 28 352 361 376
716 2 2 31 28 367 348 371
717 2 2 31 28 46 368 47
718 2 2 31 28 375 27 365
719 2 2 31 28 351 375 365
720 2 2 31 28 375 351 42
721 2 2 31 28 370 23 22
722 2 2 31 28 23 370 357
723 2 2 31 28 370 354 357
724 2 2 31 28 46 372 368
725 2 2 31 28 377 346 360
726 2 2 31 28 346 377 357
727 2 2 31 28 377 360 371
728 2 2 31 28 378 24 357
729 2 2 31 28 378 377 366
730 2 2 31 28 377 378 357
731 2 2 31 28 353 373 358
732 2 2 31 28 373 353 368
733 2 2 31 28 373 368 372
734 2 2 31 28 25 24 378
735 2 2 31 28 366 25 378
736 2 2 31 28 348 366 371
737 2 2 31 28 366 377 371
738 2 2 31 28 379 362 367
739 2 2 31 28 373 379 367
740 2 2 31 28 44 379 45
741 2 2 31 28 379 44 362
742 2 2 31 28 379 372 45
743 2 2 31 28 379 373 372
744 2 2 31 28 360 358 367
745 2 2 31 28 373 367 358
746 2 2 31 28 367 371 360
747 2 2 31 28 356 381 349
748 2 2 31 28 381 363 349
749 2 2 31 28 80 380 79
750 2 2 31 28 363 381 81
751 2 2 31 28 381 80 81
752 2 2 31 28 369 78 79
753 2 2 31 28 79 380 369
754 2 2 31 28 347 369 356
755 2 2 31 28 380 356 369
756 2 2 31 28 78 369 350
757 2 2 31 28 381 380 80
758 2 2 31 28 356 380 381
$EndElements
